num Patients: 45
Observers: [1, 2, 3, 4, 5]
Classes: [1, 2, 3, 4]
Iter	log-likelihood	delta-CM	delta-ER
1 	-205.091138294
2 	-194.550952357 	0.060231	3.810020
3 	-193.159445492 	0.027128	1.053657
4 	-192.942423964 	0.004064	0.216482
5 	-192.90931016 	0.001367	0.044067
6 	-192.897593567 	0.000664	0.019139
7 	-192.893351421 	0.000290	0.007822
8 	-192.89180304 	0.000119	0.003075
9 	-192.891229496 	0.000047	0.001192
10 	-192.891014022 	0.000019	0.000460
11 	-192.890932178 	0.000007	0.000178
12 	-192.890900851 	0.000003	0.000069
13 	-192.8908888 	0.000001	0.000027
14 	-192.89088415 	0.000000	0.000010
15 	-192.890882351 	0.000000	0.000004
Class marginals
[ 0.4   0.42  0.11  0.07]
Error rates
[[[ 0.89  0.11  0.    0.  ]
  [ 0.07  0.88  0.05  0.  ]
  [ 0.    0.34  0.66  0.  ]
  [ 0.    0.    0.56  0.44]]

 [[ 0.83  0.17  0.    0.  ]
  [ 0.05  0.63  0.31  0.  ]
  [ 0.    0.    1.    0.  ]
  [ 0.    0.    0.    1.  ]]

 [[ 1.    0.    0.    0.  ]
  [ 0.11  0.79  0.11  0.  ]
  [ 0.    0.4   0.2   0.4 ]
  [ 0.    0.    0.67  0.33]]

 [[ 0.94  0.06  0.    0.  ]
  [ 0.05  0.84  0.1   0.  ]
  [ 0.    0.    0.8   0.2 ]
  [ 0.    0.    0.33  0.67]]

 [[ 1.    0.    0.    0.  ]
  [ 0.16  0.73  0.11  0.  ]
  [ 0.    0.21  0.79  0.  ]
  [ 0.    0.    0.33  0.67]]]
Incidence-of-error rates
[[ 0.36  0.05  0.    0.  ]
 [ 0.03  0.37  0.01  0.  ]
 [ 0.    0.14  0.07  0.  ]
 [ 0.    0.    0.06  0.03]]
[[ 0.33  0.07  0.    0.  ]
 [ 0.02  0.27  0.04  0.  ]
 [ 0.    0.    0.11  0.  ]
 [ 0.    0.    0.    0.07]]
[[ 0.4   0.    0.    0.  ]
 [ 0.04  0.33  0.01  0.  ]
 [ 0.    0.17  0.02  0.03]
 [ 0.    0.    0.07  0.02]]
[[ 0.38  0.02  0.    0.  ]
 [ 0.02  0.36  0.01  0.  ]
 [ 0.    0.    0.09  0.01]
 [ 0.    0.    0.04  0.04]]
[[ 0.4   0.    0.    0.  ]
 [ 0.06  0.31  0.01  0.  ]
 [ 0.    0.09  0.09  0.  ]
 [ 0.    0.    0.04  0.04]]
Patient classes
1 [ 1.  0.  0.  0.]
2 [ 0.  0.  0.  1.]
3 [ 0.  1.  0.  0.]
4 [ 0.  1.  0.  0.]
5 [ 0.  1.  0.  0.]
6 [ 0.  1.  0.  0.]
7 [ 0.981  0.019  0.     0.   ]
8 [ 0.  0.  1.  0.]
9 [ 0.  1.  0.  0.]
10 [ 0.  1.  0.  0.]
11 [ 0.  0.  0.  1.]
12 [ 0.  0.  1.  0.]
13 [ 1.  0.  0.  0.]
14 [ 0.  1.  0.  0.]
15 [ 1.  0.  0.  0.]
16 [ 1.  0.  0.  0.]
17 [ 1.  0.  0.  0.]
18 [ 1.  0.  0.  0.]
19 [ 0.  1.  0.  0.]
20 [ 0.  1.  0.  0.]
21 [ 0.  1.  0.  0.]
22 [ 0.  1.  0.  0.]
23 [ 0.  1.  0.  0.]
24 [ 0.  1.  0.  0.]
25 [ 1.  0.  0.  0.]
26 [ 1.  0.  0.  0.]
27 [ 0.  1.  0.  0.]
28 [ 1.  0.  0.  0.]
29 [ 1.  0.  0.  0.]
30 [ 0.9991  0.0009  0.      0.    ]
31 [ 1.  0.  0.  0.]
32 [ 0.  0.  1.  0.]
33 [ 1.  0.  0.  0.]
34 [ 0.  1.  0.  0.]
35 [ 0.     0.948  0.052  0.   ]
36 [ 0.  0.  0.  1.]
37 [ 0.  1.  0.  0.]
38 [ 0.      0.0212  0.9788  0.    ]
39 [ 0.  0.  1.  0.]
40 [ 1.  0.  0.  0.]
41 [ 1.  0.  0.  0.]
42 [ 0.9998  0.0002  0.      0.    ]
43 [ 0.  1.  0.  0.]
44 [ 1.  0.  0.  0.]
45 [ 0.  1.  0.  0.]
